<?xml version="1.0" encoding="utf-8" ?>
<ogr:FeatureCollection
     xmlns:xsi="http://www.w3.org/2001/XMLSchema-instance"
     xsi:schemaLocation="                            http://schemas.opengis.net/gml/2.1.2/feature.xsd"
     xmlns:ogr="http://ogr.maptools.org/"
     xmlns:gml="http://www.opengis.net/gml">
  <gml:boundedBy>
    <gml:Box>
      <gml:coord><gml:X>2.4135092680015</gml:X><gml:Y>38.6302393496888</gml:Y></gml:coord>
      <gml:coord><gml:X>28.6092139067586</gml:X><gml:Y>60.927347265791</gml:Y></gml:coord>
    </gml:Box>
  </gml:boundedBy>
                                                                                                      
  <gml:featureMember>
    <ogr:points_buffer fid="points_buffer.0">
      <ogr:geometryProperty><gml:Polygon srsName="EPSG:4326"><gml:outerBoundaryIs><gml:LinearRing><gml:coordinates>25.0032986998343,49.428467438134398 24.989594047380038,48.905107875704957 24.948517653517033,48.383182805457864 24.880182105785678,47.864122787732093 24.784774707172357,47.349350529956808 24.662556962724985,46.840276987109192 24.513863862785836,46.338297494384925 24.339102964806319,45.8447879426814 24.13875327626031,45.361101007376398 23.913363941717982,44.888562440738937 23.663552737678689,44.428467438134405 23.390004379288541,43.982077087984131 23.093468643583776,43.550614915209671 22.774758314404011,43.135263527636027 22.434746954608247,42.737161374545821 22.074366511699779,42.357399626268929 21.694604763422888,41.997019183360464 21.296502610332681,41.657007823564697 20.881151222759037,41.338297494384932 20.449689049984578,41.04176175868016 20.003298699834311,40.768213400290016 19.543203697229778,40.518402196250726 19.070665130592314,40.293012861708391 18.586978195287315,40.092663173162386 18.09346864358379,39.917902275182868 17.591489150859523,39.769209175243716 17.082415608011914,39.646991430796348 16.567643350236629,39.551584032183023 16.048583332510855,39.483248484451664 15.526658262263762,39.442172090588656 15.003298699834325,39.428467438134398 14.479939137404887,39.442172090588656 13.958014067157793,39.483248484451664 13.43895404943202,39.551584032183015 12.924181791656737,39.646991430796334 12.415108248809123,39.769209175243702 11.913128756084859,39.917902275182854 11.41961920438133,40.092663173162364 10.935932269076332,40.293012861708377 10.463393702438864,40.518402196250705 10.003298699834332,40.768213400289994 9.556908349684061,41.041761758680138 9.125446176909602,41.338297494384904 8.710094789335958,41.657007823564662 8.311992636245751,41.997019183360429 7.932230887968856,42.357399626268894 7.571850445060388,42.737161374545778 7.231839085264622,43.135263527635985 6.913128756084856,43.550614915209628 6.616593020380087,43.982077087984081 6.343044661989939,44.428467438134355 6.093233457950646,44.88856244073888 5.867844123408313,45.361101007376348 5.667494434862302,45.844787942681343 5.492733536882783,46.338297494384868 5.344040436943633,46.840276987109135 5.221822692496257,47.349350529956745 5.126415293882932,47.864122787732029 5.058079746151574,48.3831828054578 5.017003352288565,48.905107875704893 5.0032986998343,49.428467438134327 5.017003352288556,49.951827000563767 5.058079746151559,50.47375207081086 5.126415293882911,50.992812088536638 5.221822692496229,51.507584346311916 5.344040436943597,52.016657889159532 5.49273353688274,52.518637381883799 5.667494434862254,53.012146933587324 5.867844123408258,53.495833868892326 6.093233457950584,53.968372435529794 6.343044661989872,54.428467438134327 6.616593020380014,54.874857788284601 6.913128756084776,55.30631996105906 7.231839085264537,55.721671348632704 7.571850445060298,56.119773501722911 7.93223088796876,56.499535249999809 8.31199263624565,56.859915692908281 8.710094789335852,57.199927052704048 9.125446176909495,57.518637381883821 9.556908349683955,57.815173117588593 10.003298699834227,58.088721475978744 10.46339370243876,58.338532680018041 10.935932269076226,58.563922014560376 11.419619204381227,58.764271703106388 11.913128756084756,58.939032601085913 12.415108248809025,59.087725701025064 12.924181791656641,59.20994344547244 13.438954049431928,59.305350844085766 13.958014067157704,59.373686391817124 14.479939137404804,59.414762785680132 15.003298699834245,59.428467438134398 15.526658262263686,59.414762785680139 16.048583332510784,59.373686391817138 16.567643350236562,59.30535084408578 17.08241560801185,59.209943445472462 17.591489150859466,59.087725701025093 18.093468643583737,58.939032601085941 18.586978195287269,58.764271703106431 19.070665130592275,58.563922014560418 19.543203697229742,58.338532680018091 20.003298699834279,58.088721475978801 20.449689049984553,57.81517311758865 20.881151222759016,57.518637381883885 21.296502610332659,57.199927052704119 21.694604763422873,56.859915692908345 22.074366511699768,56.49953524999988 22.434746954608237,56.119773501722989 22.774758314404004,55.721671348632775 23.093468643583773,55.306319961059131 23.390004379288541,54.874857788284665 23.663552737678689,54.42846743813439 23.913363941717982,53.968372435529858 24.138753276260314,53.49583386889239 24.339102964806322,53.012146933587388 24.51386386278584,52.518637381883856 24.662556962724988,52.016657889159589 24.78477470717236,51.507584346311972 24.880182105785678,50.992812088536681 24.948517653517037,50.473752070810903 24.989594047380038,49.951827000563803 25.0032986998343,49.428467438134398</gml:coordinates></gml:LinearRing></gml:outerBoundaryIs></gml:Polygon></ogr:geometryProperty>
    </ogr:points_buffer>
  </gml:featureMember>
  <gml:featureMember>
    <ogr:points_buffer fid="points_buffer.1">
      <ogr:geometryProperty><gml:Polygon srsName="EPSG:4326"><gml:outerBoundaryIs><gml:LinearRing><gml:coordinates>26.079024280607801,49.042102879108903 26.065319628153539,48.518743316679462 26.024243234290534,47.996818246432369 25.955907686559179,47.477758228706598 25.860500287945857,46.962985970931314 25.738282543498485,46.453912428083697 25.589589443559337,45.95193293535943 25.41482854557982,45.458423383655905 25.214478857033811,44.974736448350903 24.989089522491483,44.502197881713442 24.73927831845219,44.04210287910891 24.465729960062042,43.595712528958636 24.169194224357277,43.164250356184176 23.850483895177511,42.748898968610533 23.510472535381748,42.350796815520326 23.15009209247328,41.971035067243434 22.770330344196388,41.61065462433497 22.372228191106181,41.270643264539203 21.956876803532538,40.951932935359437 21.525414630758078,40.655397199654665 21.079024280607811,40.381848841264521 20.618929278003279,40.132037637225231 20.146390711365814,39.906648302682896 19.662703776060816,39.706298614136891 19.169194224357291,39.531537716157374 18.667214731633024,39.382844616218222 18.158141188785414,39.260626871770853 17.64336893101013,39.165219473157528 17.124308913284356,39.09688392542617 16.602383843037263,39.055807531563161 16.079024280607825,39.042102879108903 15.555664718178388,39.055807531563161 15.033739647931293,39.09688392542617 14.514679630205521,39.165219473157521 13.999907372430238,39.260626871770839 13.490833829582623,39.382844616218208 12.98885433685836,39.531537716157359 12.495344785154831,39.70629861413687 12.011657849849833,39.906648302682882 11.539119283212365,40.13203763722521 11.079024280607833,40.3818488412645 10.632633930457562,40.655397199654644 10.201171757683102,40.951932935359409 9.785820370109459,41.270643264539167 9.387718217019252,41.610654624334934 9.007956468742357,41.971035067243399 8.647576025833889,42.350796815520283 8.307564666038122,42.74889896861049 7.988854336858356,43.164250356184134 7.692318601153588,43.595712528958586 7.41877024276344,44.04210287910886 7.168959038724147,44.502197881713386 6.943569704181813,44.974736448350853 6.743220015635803,45.458423383655848 6.568459117656284,45.951932935359373 6.419766017717134,46.45391242808364 6.297548273269758,46.96298597093125 6.202140874656433,47.477758228706534 6.133805326925074,47.996818246432305 6.092728933062066,48.518743316679398 6.079024280607801,49.042102879108832 6.092728933062057,49.565462441538273 6.13380532692506,50.087387511785366 6.202140874656411,50.606447529511144 6.297548273269729,51.121219787286421 6.419766017717098,51.630293330134037 6.568459117656241,52.132272822858305 6.743220015635755,52.62578237456183 6.943569704181758,53.109469309866832 7.168959038724084,53.582007876504299 7.418770242763372,54.042102879108832 7.692318601153515,54.488493229259106 7.988854336858276,54.919955402033565 8.307564666038036,55.335306789607209 8.6475760258338,55.733408942697416 9.007956468742261,56.113170690974314 9.387718217019151,56.473551133882786 9.785820370109352,56.813562493678553 10.201171757682996,57.132272822858326 10.632633930457455,57.428808558563098 11.079024280607728,57.702356916953249 11.53911928321226,57.952168120992546 12.011657849849726,58.177557455534881 12.495344785154728,58.377907144080893 12.988854336858257,58.552668042060418 13.490833829582526,58.70136114199957 13.999907372430142,58.823578886446946 14.514679630205428,58.918986285060271 15.033739647931204,58.987321832791629 15.555664718178305,59.028398226654637 16.079024280607744,59.042102879108903 16.602383843037188,59.028398226654645 17.124308913284285,58.987321832791643 17.643368931010063,58.918986285060285 18.158141188785351,58.823578886446967 18.667214731632967,58.701361141999598 19.169194224357238,58.552668042060446 19.66270377606077,58.377907144080936 20.146390711365775,58.177557455534924 20.618929278003243,57.952168120992596 21.079024280607779,57.702356916953306 21.525414630758053,57.428808558563155 21.956876803532516,57.13227282285839 22.37222819110616,56.813562493678624 22.770330344196374,56.47355113388285 23.150092092473269,56.113170690974385 23.510472535381737,55.733408942697494 23.850483895177504,55.33530678960728 24.169194224357273,54.919955402033636 24.465729960062042,54.48849322925917 24.73927831845219,54.042102879108896 24.989089522491483,53.582007876504363 25.214478857033814,53.109469309866896 25.414828545579823,52.625782374561894 25.589589443559341,52.132272822858361 25.738282543498489,51.630293330134094 25.860500287945861,51.121219787286478 25.955907686559179,50.606447529511186 26.024243234290537,50.087387511785408 26.065319628153539,49.565462441538308 26.079024280607801,49.042102879108903</gml:coordinates></gml:LinearRing></gml:outerBoundaryIs></gml:Polygon></ogr:geometryProperty>
    </ogr:points_buffer>
  </gml:featureMember>
  <gml:featureMember>
    <ogr:points_buffer fid="points_buffer.2">
      <ogr:geometryProperty><gml:Polygon srsName="EPSG:4326"><gml:outerBoundaryIs><gml:LinearRing><gml:coordinates>26.088132550760001,49.444137240999503 26.074427898305739,48.920777678570062 26.033351504442734,48.398852608322969 25.96501595671138,47.879792590597198 25.869608558098058,47.365020332821913 25.747390813650682,46.855946789974297 25.598697713711537,46.35396729725003 25.42393681573202,45.860457745546505 25.223587127186011,45.376770810241503 24.99819779264368,44.904232243604042 24.74838658860439,44.44413724099951 24.474838230214246,43.997746890849236 24.178302494509481,43.566284718074776 23.859592165329715,43.150933330501132 23.519580805533948,42.752831177410926 23.15920036262548,42.373069429134034 22.779438614348589,42.012688986225569 22.381336461258382,41.672677626429802 21.965985073684738,41.353967297250037 21.534522900910279,41.057431561545265 21.088132550760008,40.783883203155121 20.628037548155479,40.534071999115831 20.155498981518015,40.308682664573496 19.671812046213017,40.108332976027491 19.178302494509492,39.933572078047973 18.676323001785224,39.784878978108821 18.167249458937611,39.662661233661453 17.652477201162331,39.567253835048128 17.133417183436556,39.498918287316769 16.611492113189463,39.457841893453761 16.088132550760026,39.444137240999503 15.564772988330589,39.457841893453761 15.042847918083494,39.498918287316769 14.523787900357721,39.56725383504812 14.009015642582439,39.662661233661439 13.499942099734824,39.784878978108807 12.99796260701056,39.933572078047959 12.504453055307032,40.108332976027469 12.020766120002033,40.308682664573482 11.548227553364566,40.53407199911581 11.088132550760033,40.783883203155099 10.641742200609762,41.057431561545243 10.210280027835303,41.353967297250009 9.794928640261659,41.672677626429767 9.396826487171452,42.012688986225534 9.017064738894558,42.373069429133999 8.656684295986089,42.752831177410883 8.316672936190322,43.15093333050109 7.997962607010557,43.566284718074733 7.701426871305788,43.997746890849186 7.42787851291564,44.44413724099946 7.178067308876347,44.904232243603985 6.952677974334014,45.376770810241453 6.752328285788003,45.860457745546448 6.577567387808484,46.353967297249973 6.428874287869334,46.85594678997424 6.306656543421958,47.36502033282185 6.211249144808633,47.879792590597134 6.142913597077275,48.398852608322905 6.101837203214266,48.920777678569998 6.088132550760001,49.444137240999432 6.101837203214258,49.967496803428872 6.142913597077261,50.489421873675965 6.211249144808612,51.008481891401743 6.30665654342193,51.523254149177021 6.428874287869299,52.032327692024637 6.577567387808442,52.534307184748904 6.752328285787955,53.027816736452429 6.952677974333959,53.511503671757431 7.178067308876285,53.984042238394899 7.427878512915573,54.444137240999432 7.701426871305715,54.890527591149706 7.997962607010477,55.321989763924165 8.316672936190237,55.737341151497809 8.656684295986,56.135443304588016 9.017064738894462,56.515205052864914 9.396826487171351,56.875585495773386 9.794928640261553,57.215596855569153 10.210280027835196,57.534307184748926 10.641742200609656,57.830842920453698 11.088132550759928,58.104391278843849 11.548227553364461,58.354202482883146 12.020766120001927,58.579591817425481 12.504453055306929,58.779941505971493 12.997962607010457,58.954702403951018 13.499942099734726,59.103395503890169 14.009015642582343,59.225613248337545 14.523787900357629,59.321020646950871 15.042847918083405,59.389356194682229 15.564772988330505,59.430432588545237 16.088132550759944,59.444137240999503 16.611492113189389,59.430432588545244 17.133417183436485,59.389356194682243 17.652477201162263,59.321020646950885 18.167249458937551,59.225613248337567 18.676323001785171,59.103395503890198 19.178302494509438,58.954702403951046 19.67181204621297,58.779941505971536 20.155498981517972,58.579591817425523 20.628037548155444,58.354202482883196 21.08813255075998,58.104391278843906 21.534522900910254,57.830842920453755 21.965985073684717,57.53430718474899 22.381336461258364,57.215596855569224 22.779438614348571,56.87558549577345 23.159200362625469,56.515205052864985 23.519580805533938,56.135443304588094 23.859592165329708,55.73734115149788 24.178302494509474,55.321989763924236 24.474838230214242,54.89052759114977 24.74838658860439,54.444137240999495 24.99819779264368,53.984042238394963 25.223587127186015,53.511503671757495 25.423936815732024,53.027816736452493 25.598697713711541,52.534307184748961 25.747390813650689,52.032327692024694 25.869608558098061,51.523254149177077 25.965015956711383,51.008481891401786 26.033351504442738,50.489421873676008 26.074427898305743,49.967496803428908 26.088132550760001,49.444137240999503</gml:coordinates></gml:LinearRing></gml:outerBoundaryIs></gml:Polygon></ogr:geometryProperty>
    </ogr:points_buffer>
  </gml:featureMember>
  <gml:featureMember>
    <ogr:points_buffer fid="points_buffer.3">
      <ogr:geometryProperty><gml:Polygon srsName="EPSG:4326"><gml:outerBoundaryIs><gml:LinearRing><gml:coordinates>23.114774632670702,50.780395267374999 23.101069980216437,50.257035704945558 23.059993586353436,49.735110634698465 22.991658038622077,49.216050616972694 22.896250640008759,48.70127835919741 22.774032895561383,48.192204816349793 22.625339795622239,47.690225323625526 22.450578897642721,47.196715771922001 22.250229209096709,46.713028836616999 22.024839874554381,46.240490269979531 21.775028670515091,45.780395267375006 21.501480312124944,45.334004917224732 21.204944576420178,44.902542744450272 20.886234247240413,44.487191356876629 20.54622288744465,44.089089203786422 20.185842444536181,43.709327455509531 19.806080696259286,43.348947012601059 19.407978543169079,43.008935652805292 18.992627155595439,42.690225323625526 18.561164982820976,42.393689587920761 18.114774632670709,42.120141229530617 17.654679630066177,41.870330025491327 17.182141063428716,41.644940690948999 16.698454128123718,41.444591002402987 16.204944576420189,41.26983010442347 15.702965083695926,41.121137004484318 15.193891540848313,40.998919260036942 14.67911928307303,40.903511861423624 14.160059265347257,40.835176313692273 13.638134195100163,40.794099919829264 13.114774632670725,40.780395267374999 12.591415070241288,40.794099919829257 12.069489999994193,40.835176313692259 11.550429982268421,40.903511861423617 11.035657724493138,40.998919260036935 10.526584181645525,41.121137004484311 10.024604688921258,41.269830104423448 9.531095137217731,41.444591002402966 9.047408201912733,41.644940690948971 8.574869635275265,41.870330025491299 8.114774632670734,42.120141229530596 7.668384282520463,42.39368958792074 7.236922109746002,42.690225323625498 6.821570722172359,43.008935652805263 6.423468569082152,43.34894701260103 6.043706820805257,43.709327455509495 5.683326377896789,44.089089203786379 5.343315018101022,44.487191356876586 5.024604688921256,44.90254274445023 4.728068953216487,45.334004917224682 4.45452059482634,45.780395267374956 4.204709390787047,46.240490269979482 3.979320056244713,46.713028836616942 3.778970367698703,47.196715771921944 3.604209469719184,47.690225323625469 3.455516369780034,48.192204816349737 3.333298625332658,48.701278359197346 3.237891226719332,49.21605061697263 3.169555678987974,49.735110634698401 3.128479285124966,50.257035704945494 3.1147746326707,50.780395267374928 3.128479285124957,51.303754829804369 3.16955567898796,51.825679900051462 3.237891226719311,52.34473991777724 3.333298625332629,52.859512175552517 3.455516369779998,53.368585718400134 3.604209469719141,53.870565211124401 3.778970367698655,54.364074762827926 3.979320056244658,54.847761698132928 4.204709390786984,55.320300264770395 4.454520594826272,55.780395267374928 4.728068953216415,56.226785617525195 5.024604688921176,56.658247790299662 5.343315018100937,57.073599177873305 5.683326377896699,57.471701330963512 6.043706820805161,57.851463079240411 6.423468569082051,58.211843522148882 6.821570722172253,58.551854881944649 7.236922109745896,58.870565211124422 7.668384282520356,59.167100946829194 8.114774632670628,59.440649305219338 8.57486963527516,59.690460509258642 9.047408201912628,59.915849843800977 9.531095137217626,60.11619953234699 10.024604688921157,60.290960430326514 10.526584181645426,60.439653530265659 11.035657724493042,60.561871274713042 11.550429982268328,60.657278673326367 12.069489999994104,60.725614221057725 12.591415070241204,60.766690614920734 13.114774632670645,60.780395267374999 13.638134195100086,60.766690614920741 14.160059265347186,60.725614221057739 14.679119283072964,60.657278673326381 15.193891540848252,60.561871274713063 15.702965083695869,60.439653530265694 16.204944576420139,60.29096043032655 16.698454128123672,60.116199532347025 17.182141063428674,59.91584984380102 17.654679630066141,59.690460509258692 18.114774632670677,59.440649305219395 18.561164982820952,59.167100946829251 18.992627155595414,58.870565211124486 19.407978543169062,58.55185488194472 19.806080696259272,58.211843522148953 20.185842444536171,57.851463079240482 20.546222887444635,57.471701330963583 20.886234247240406,57.073599177873376 21.204944576420175,56.658247790299733 21.50148031212494,56.226785617525266 21.775028670515091,55.780395267374999 22.024839874554381,55.320300264770459 22.250229209096716,54.847761698132992 22.450578897642721,54.36407476282799 22.625339795622239,53.870565211124458 22.77403289556139,53.36858571840019 22.896250640008759,52.859512175552574 22.991658038622081,52.344739917777282 23.059993586353436,51.825679900051504 23.10106998021644,51.303754829804404 23.114774632670702,50.780395267374999</gml:coordinates></gml:LinearRing></gml:outerBoundaryIs></gml:Polygon></ogr:geometryProperty>
    </ogr:points_buffer>
  </gml:featureMember>
  <gml:featureMember>
    <ogr:points_buffer fid="points_buffer.4">
      <ogr:geometryProperty><gml:Polygon srsName="EPSG:4326"><gml:outerBoundaryIs><gml:LinearRing><gml:coordinates>22.546737975956198,48.6302393496888 22.53303332350194,48.106879787259359 22.491956929638931,47.584954717012266 22.42362138190758,47.065894699286495 22.328213983294255,46.551122441511211 22.205996238846883,46.042048898663595 22.057303138907734,45.540069405939327 21.882542240928217,45.046559854235802 21.682192552382212,44.5628729189308 21.45680321783988,44.09033435229334 21.206992013800587,43.630239349688807 20.933443655410443,43.183848999538533 20.636907919705678,42.752386826764074 20.318197590525912,42.33703543919043 19.978186230730145,41.938933286100223 19.61780578782168,41.559171537823332 19.238044039544789,41.198791094914867 18.839941886454582,40.8587797351191 18.424590498880939,40.540069405939335 17.993128326106479,40.243533670234562 17.546737975956209,39.969985311844418 17.08664297335168,39.720174107805128 16.614104406714212,39.494784773262793 16.130417471409217,39.294435084716788 15.636907919705688,39.119674186737271 15.134928426981425,38.970981086798119 14.625854884133812,38.84876334235075 14.111082626358529,38.753355943737425 13.592022608632757,38.685020396006067 13.070097538385662,38.643944002143058 12.546737975956225,38.6302393496888 12.023378413526787,38.643944002143058 11.501453343279692,38.685020396006067 10.98239332555392,38.753355943737418 10.467621067778637,38.848763342350736 9.958547524931024,38.970981086798105 9.456568032206757,39.119674186737257 8.96305848050323,39.294435084716767 8.479371545198232,39.494784773262779 8.006832978560764,39.720174107805107 7.546737975956233,39.969985311844397 7.100347625805962,40.243533670234541 6.668885453031502,40.540069405939306 6.253534065457858,40.858779735119064 5.855431912367651,41.198791094914831 5.475670164090756,41.559171537823296 5.115289721182288,41.93893328610018 4.775278361386522,42.337035439190387 4.456568032206755,42.752386826764031 4.160032296501987,43.183848999538483 3.886483938111839,43.630239349688757 3.636672734072546,44.090334352293283 3.411283399530213,44.562872918930751 3.210933710984202,45.046559854235745 3.036172813004683,45.540069405939271 2.887479713065533,46.042048898663538 2.765261968618157,46.551122441511147 2.669854570004832,47.065894699286432 2.601519022273473,47.584954717012202 2.560442628410465,48.106879787259295 2.5467379759562,48.630239349688729 2.560442628410456,49.15359891211817 2.601519022273459,49.675523982365263 2.66985457000481,50.194584000091041 2.765261968618129,50.709356257866318 2.887479713065497,51.218429800713935 3.03617281300464,51.720409293438202 3.210933710984154,52.213918845141727 3.411283399530157,52.697605780446729 3.636672734072484,53.170144347084197 3.886483938111772,53.630239349688729 4.160032296501914,54.076629699839003 4.456568032206675,54.508091872613463 4.775278361386436,54.923443260187106 5.115289721182198,55.321545413277313 5.47567016409066,55.701307161554212 5.85543191236755,56.061687604462684 6.253534065457752,56.401698964258451 6.668885453031395,56.720409293438223 7.100347625805855,57.016945029142995 7.546737975956127,57.290493387533147 8.006832978560659,57.540304591572443 8.479371545198127,57.765693926114778 8.963058480503125,57.966043614660791 9.456568032206656,58.140804512640315 9.958547524930925,58.289497612579467 10.467621067778541,58.411715357026843 10.982393325553828,58.507122755640168 11.501453343279604,58.575458303371526 12.023378413526704,58.616534697234535 12.546737975956145,58.6302393496888 13.070097538385586,58.616534697234542 13.592022608632686,58.575458303371541 14.111082626358463,58.507122755640182 14.625854884133751,58.411715357026864 15.134928426981368,58.289497612579495 15.636907919705639,58.140804512640344 16.130417471409171,57.966043614660833 16.614104406714173,57.765693926114821 17.086642973351644,57.540304591572493 17.546737975956177,57.290493387533203 17.993128326106451,57.016945029143052 18.424590498880914,56.720409293438287 18.839941886454561,56.401698964258522 19.238044039544771,56.061687604462747 19.617805787821666,55.701307161554283 19.978186230730138,55.321545413277391 20.318197590525905,54.923443260187177 20.636907919705671,54.508091872613534 20.933443655410443,54.076629699839067 21.206992013800587,53.630239349688793 21.45680321783988,53.170144347084261 21.682192552382212,52.697605780446793 21.882542240928224,52.213918845141791 22.057303138907741,51.720409293438259 22.205996238846886,51.218429800713992 22.328213983294262,50.709356257866375 22.42362138190758,50.194584000091083 22.491956929638938,49.675523982365306 22.53303332350194,49.153598912118206 22.546737975956198,48.6302393496888</gml:coordinates></gml:LinearRing></gml:outerBoundaryIs></gml:Polygon></ogr:geometryProperty>
    </ogr:points_buffer>
  </gml:featureMember>
  <gml:featureMember>
    <ogr:points_buffer fid="points_buffer.5">
      <ogr:geometryProperty><gml:Polygon srsName="EPSG:4326"><gml:outerBoundaryIs><gml:LinearRing><gml:coordinates>24.3345692991577,50.395801453016801 24.320864646703438,49.872441890587361 24.279788252840433,49.350516820340268 24.211452705109078,48.831456802614497 24.116045306495757,48.316684544839212 23.993827562048381,47.807611001991596 23.845134462109236,47.305631509267329 23.670373564129719,46.812121957563804 23.47002387558371,46.328435022258802 23.244634541041378,45.855896455621334 22.994823337002089,45.395801453016809 22.721274978611945,44.949411102866534 22.424739242907179,44.517948930092075 22.106028913727414,44.102597542518431 21.766017553931647,43.704495389428224 21.405637111023179,43.324733641151333 21.025875362746287,42.964353198242861 20.62777320965608,42.624341838447094 20.212421822082437,42.305631509267329 19.780959649307977,42.009095773562564 19.334569299157707,41.73554741517242 18.874474296553178,41.48573621113313 18.401935729915714,41.260346876590802 17.918248794610715,41.05999718804479 17.42473924290719,40.885236290065272 16.922759750182923,40.73654319012612 16.41368620733531,40.614325445678745 15.898913949560029,40.518918047065426 15.379853931834257,40.450582499334075 14.857928861587162,40.409506105471067 14.334569299157724,40.395801453016801 13.811209736728287,40.40950610547106 13.289284666481192,40.450582499334061 12.77022464875542,40.518918047065419 12.255452390980137,40.614325445678737 11.746378848132522,40.736543190126113 11.244399355408259,40.885236290065251 10.75088980370473,41.059997188044768 10.267202868399732,41.260346876590773 9.794664301762264,41.485736211133101 9.334569299157732,41.735547415172398 8.888178949007461,42.009095773562542 8.456716776233002,42.3056315092673 8.041365388659358,42.624341838447066 7.643263235569151,42.964353198242833 7.263501487292256,43.324733641151298 6.903121044383788,43.704495389428182 6.563109684588022,44.102597542518389 6.244399355408255,44.517948930092032 5.947863619703487,44.949411102866485 5.674315261313339,45.395801453016759 5.424504057274046,45.855896455621284 5.199114722731712,46.328435022258745 4.998765034185702,46.812121957563747 4.824004136206183,47.305631509267272 4.675311036267033,47.807611001991539 4.553093291819657,48.316684544839148 4.457685893206332,48.831456802614433 4.389350345474973,49.350516820340204 4.348273951611965,49.872441890587297 4.3345692991577,50.39580145301673 4.348273951611956,50.919161015446171 4.389350345474959,51.441086085693264 4.45768589320631,51.960146103419042 4.553093291819629,52.47491836119432 4.675311036266997,52.983991904041936 4.82400413620614,53.485971396766203 4.998765034185654,53.979480948469728 5.199114722731657,54.46316788377473 5.424504057273984,54.935706450412198 5.674315261313271,55.39580145301673 5.947863619703414,55.842191803166997 6.244399355408175,56.273653975941464 6.563109684587936,56.689005363515108 6.903121044383698,57.087107516605315 7.26350148729216,57.466869264882213 7.64326323556905,57.827249707790685 8.041365388659251,58.167261067586452 8.456716776232895,58.485971396766224 8.888178949007354,58.782507132470997 9.334569299157627,59.056055490861141 9.794664301762159,59.305866694900445 10.267202868399625,59.53125602944278 10.750889803704627,59.731605717988792 11.244399355408156,59.906366615968317 11.746378848132425,60.055059715907461 12.255452390980041,60.177277460354844 12.770224648755327,60.272684858968169 13.289284666481104,60.341020406699528 13.811209736728204,60.382096800562536 14.334569299157645,60.395801453016801 14.857928861587085,60.382096800562543 15.379853931834186,60.341020406699542 15.898913949559962,60.272684858968184 16.41368620733525,60.177277460354865 16.92275975018287,60.055059715907497 17.424739242907137,59.906366615968352 17.918248794610669,59.731605717988828 18.401935729915671,59.531256029442822 18.874474296553142,59.305866694900494 19.334569299157678,59.056055490861198 19.780959649307952,58.782507132471054 20.212421822082415,58.485971396766288 20.627773209656063,58.167261067586523 21.02587536274627,57.827249707790756 21.405637111023168,57.466869264882284 21.766017553931636,57.087107516605386 22.106028913727407,56.689005363515179 22.424739242907172,56.273653975941535 22.721274978611941,55.842191803167069 22.994823337002089,55.395801453016801 23.244634541041378,54.935706450412262 23.470023875583713,54.463167883774794 23.670373564129722,53.979480948469792 23.84513446210924,53.48597139676626 23.993827562048388,52.983991904041993 24.11604530649576,52.474918361194376 24.211452705109082,51.960146103419085 24.279788252840437,51.441086085693307 24.320864646703441,50.919161015446207 24.3345692991577,50.395801453016801</gml:coordinates></gml:LinearRing></gml:outerBoundaryIs></gml:Polygon></ogr:geometryProperty>
    </ogr:points_buffer>
  </gml:featureMember>
  <gml:featureMember>
    <ogr:points_buffer fid="points_buffer.6">
      <ogr:geometryProperty><gml:Polygon srsName="EPSG:4326"><gml:outerBoundaryIs><gml:LinearRing><gml:coordinates>27.2133934056172,50.657364171152402 27.199688753162938,50.134004608722961 27.158612359299934,49.612079538475868 27.090276811568579,49.093019520750097 26.994869412955257,48.578247262974813 26.872651668507885,48.069173720127196 26.723958568568737,47.567194227402929 26.549197670589219,47.073684675699404 26.34884798204321,46.589997740394402 26.123458647500883,46.117459173756941 25.873647443461589,45.657364171152409 25.600099085071442,45.210973821002135 25.303563349366677,44.779511648227675 24.984853020186911,44.364160260654032 24.644841660391148,43.966058107563825 24.284461217482679,43.586296359286933 23.904699469205788,43.225915916378469 23.506597316115581,42.885904556582702 23.091245928541937,42.567194227402936 22.659783755767478,42.270658491698164 22.213393405617211,41.99711013330802 21.753298403012678,41.74729892926873 21.280759836375214,41.521909594726395 20.797072901070216,41.32155990618039 20.303563349366691,41.146799008200873 19.801583856642424,40.998105908261721 19.292510313794814,40.875888163814352 18.77773805601953,40.780480765201027 18.258678038293755,40.712145217469669 17.736752968046662,40.67106882360666 17.213393405617225,40.657364171152402 16.690033843187788,40.67106882360666 16.168108772940695,40.712145217469669 15.64904875521492,40.78048076520102 15.134276497439638,40.875888163814338 14.625202954592023,40.998105908261707 14.123223461867759,41.146799008200858 13.629713910164231,41.321559906180369 13.146026974859232,41.521909594726381 12.673488408221765,41.747298929268709 12.213393405617232,41.997110133307999 11.767003055466962,42.270658491698143 11.335540882692502,42.567194227402908 10.920189495118859,42.885904556582666 10.522087342028652,43.225915916378433 10.142325593751757,43.586296359286898 9.781945150843288,43.966058107563782 9.441933791047521,44.364160260653989 9.123223461867756,44.779511648227633 8.826687726162987,45.210973821002085 8.55313936777284,45.657364171152359 8.303328163733546,46.117459173756885 8.077938829191213,46.589997740394352 7.877589140645203,47.073684675699347 7.702828242665683,47.567194227402872 7.554135142726533,48.069173720127139 7.431917398279158,48.578247262974749 7.336509999665832,49.093019520750033 7.268174451934474,49.612079538475804 7.227098058071466,50.134004608722897 7.2133934056172,50.657364171152331 7.227098058071457,51.180723733581772 7.26817445193446,51.702648803828865 7.336509999665811,52.221708821554643 7.431917398279129,52.73648107932992 7.554135142726498,53.245554622177536 7.702828242665641,53.747534114901804 7.877589140645155,54.241043666605329 8.077938829191158,54.724730601910331 8.303328163733484,55.197269168547798 8.553139367772772,55.657364171152331 8.826687726162914,56.103754521302605 9.123223461867676,56.535216694077064 9.441933791047436,56.950568081650708 9.7819451508432,57.348670234740915 10.142325593751661,57.728431983017813 10.52208734202855,58.088812425926285 10.920189495118752,58.428823785722052 11.335540882692396,58.747534114901825 11.767003055466855,59.044069850606597 12.213393405617127,59.317618208996748 12.67348840822166,59.567429413036045 13.146026974859126,59.79281874757838 13.629713910164128,59.993168436124392 14.123223461867656,60.167929334103917 14.625202954591925,60.316622434043069 15.134276497439542,60.438840178490445 15.649048755214828,60.53424757710377 16.168108772940606,60.602583124835128 16.690033843187702,60.643659518698136 17.213393405617143,60.657364171152402 17.736752968046588,60.643659518698144 18.258678038293684,60.602583124835142 18.777738056019462,60.534247577103784 19.29251031379475,60.438840178490466 19.801583856642367,60.316622434043097 20.303563349366637,60.167929334103945 20.79707290107017,59.993168436124435 21.280759836375175,59.792818747578423 21.753298403012643,59.567429413036095 22.213393405617179,59.317618208996805 22.659783755767453,59.044069850606654 23.091245928541916,58.747534114901889 23.50659731611556,58.428823785722123 23.904699469205774,58.088812425926349 24.284461217482669,57.728431983017884 24.644841660391137,57.348670234740993 24.984853020186904,56.950568081650779 25.303563349366673,56.535216694077135 25.600099085071442,56.103754521302669 25.873647443461589,55.657364171152395 26.123458647500883,55.197269168547862 26.348847982043214,54.724730601910395 26.549197670589223,54.241043666605393 26.72395856856874,53.74753411490186 26.872651668507888,53.245554622177593 26.994869412955261,52.736481079329977 27.090276811568579,52.221708821554685 27.158612359299937,51.702648803828907 27.199688753162938,51.180723733581807 27.2133934056172,50.657364171152402</gml:coordinates></gml:LinearRing></gml:outerBoundaryIs></gml:Polygon></ogr:geometryProperty>
    </ogr:points_buffer>
  </gml:featureMember>
  <gml:featureMember>
    <ogr:points_buffer fid="points_buffer.7">
      <ogr:geometryProperty><gml:Polygon srsName="EPSG:4326"><gml:outerBoundaryIs><gml:LinearRing><gml:coordinates>23.420969815867501,49.570219276579799 23.407265163413236,49.046859714150358 23.366188769550234,48.524934643903265 23.297853221818876,48.005874626177494 23.202445823205558,47.49110236840221 23.080228078758182,46.982028825554593 22.931534978819037,46.480049332830326 22.75677408083952,45.986539781126801 22.556424392293508,45.502852845821799 22.33103505775118,45.030314279184338 22.08122385371189,44.570219276579806 21.807675495321742,44.123828926429532 21.511139759616977,43.692366753655072 21.192429430437212,43.277015366081429 20.852418070641448,42.878913212991222 20.49203762773298,42.49915146471433 20.112275879456085,42.138771021805866 19.714173726365878,41.798759662010099 19.298822338792238,41.480049332830333 18.867360166017775,41.183513597125561 18.420969815867508,40.909965238735417 17.960874813262976,40.660154034696127 17.488336246625515,40.434764700153792 17.004649311320517,40.234415011607787 16.511139759616988,40.05965411362827 16.009160266892724,39.910961013689118 15.500086724045111,39.788743269241749 14.985314466269829,39.693335870628424 14.466254448544056,39.625000322897066 13.944329378296962,39.583923929034057 13.420969815867524,39.570219276579799 12.897610253438087,39.583923929034057 12.375685183190992,39.625000322897066 11.856625165465219,39.693335870628417 11.341852907689937,39.788743269241735 10.832779364842324,39.910961013689104 10.330799872118057,40.059654113628255 9.83729032041453,40.234415011607766 9.353603385109531,40.434764700153778 8.881064818472064,40.660154034696106 8.420969815867533,40.909965238735396 7.974579465717262,41.18351359712554 7.543117292942801,41.480049332830305 7.127765905369158,41.798759662010063 6.729663752278951,42.13877102180583 6.349902004002056,42.499151464714295 5.989521561093587,42.878913212991179 5.649510201297821,43.277015366081386 5.330799872118055,43.69236675365503 5.034264136413286,44.123828926429482 4.760715778023139,44.570219276579756 4.510904573983845,45.030314279184282 4.285515239441512,45.502852845821749 4.085165550895502,45.986539781126744 3.910404652915982,46.480049332830269 3.761711552976832,46.982028825554536 3.639493808529457,47.491102368402146 3.544086409916131,48.00587462617743 3.475750862184773,48.524934643903201 3.434674468321765,49.046859714150294 3.420969815867499,49.570219276579728 3.434674468321756,50.093578839009169 3.475750862184759,50.615503909256262 3.54408640991611,51.13456392698204 3.639493808529428,51.649336184757317 3.761711552976797,52.158409727604933 3.91040465291594,52.660389220329201 4.085165550895454,53.153898772032726 4.285515239441457,53.637585707337728 4.510904573983783,54.110124273975195 4.760715778023071,54.570219276579728 5.034264136413213,55.016609626730002 5.330799872117975,55.448071799504461 5.649510201297736,55.863423187078105 5.989521561093498,56.261525340168312 6.34990200400196,56.64128708844521 6.729663752278849,57.001667531353682 7.127765905369052,57.341678891149449 7.543117292942695,57.660389220329222 7.974579465717155,57.956924956033994 8.420969815867426,58.230473314424145 8.881064818471959,58.480284518463442 9.353603385109427,58.705673853005777 9.837290320414425,58.906023541551789 10.330799872117955,59.080784439531314 10.832779364842224,59.229477539470466 11.341852907689841,59.351695283917842 11.856625165465127,59.447102682531167 12.375685183190903,59.515438230262525 12.897610253438003,59.556514624125533 13.420969815867444,59.570219276579799 13.944329378296885,59.556514624125541 14.466254448543985,59.515438230262539 14.985314466269763,59.447102682531181 15.500086724045051,59.351695283917863 16.009160266892668,59.229477539470494 16.511139759616938,59.080784439531342 17.00464931132047,58.906023541551832 17.488336246625472,58.70567385300582 17.96087481326294,58.480284518463492 18.420969815867476,58.230473314424202 18.86736016601775,57.956924956034051 19.298822338792213,57.660389220329286 19.714173726365861,57.34167889114952 20.112275879456071,57.001667531353746 20.492037627732969,56.641287088445281 20.852418070641434,56.26152534016839 21.192429430437205,55.863423187078176 21.511139759616974,55.448071799504532 21.807675495321739,55.016609626730066 22.08122385371189,54.570219276579792 22.33103505775118,54.110124273975259 22.556424392293515,53.637585707337792 22.75677408083952,53.15389877203279 22.931534978819037,52.660389220329257 23.080228078758189,52.15840972760499 23.202445823205558,51.649336184757374 23.29785322181888,51.134563926982082 23.366188769550234,50.615503909256304 23.407265163413239,50.093578839009204 23.420969815867501,49.570219276579799</gml:coordinates></gml:LinearRing></gml:outerBoundaryIs></gml:Polygon></ogr:geometryProperty>
    </ogr:points_buffer>
  </gml:featureMember>
  <gml:featureMember>
    <ogr:points_buffer fid="points_buffer.8">
      <ogr:geometryProperty><gml:Polygon srsName="EPSG:4326"><gml:outerBoundaryIs><gml:LinearRing><gml:coordinates>28.609213906758601,50.927347265790999 28.595509254304339,50.403987703361558 28.554432860441334,49.882062633114465 28.48609731270998,49.363002615388694 28.390689914096658,48.84823035761341 28.268472169649286,48.339156814765794 28.119779069710138,47.837177322041526 27.94501817173062,47.343667770338001 27.744668483184611,46.859980835032999 27.519279148642283,46.387442268395532 27.26946794460299,45.927347265791006 26.995919586212842,45.480956915640732 26.699383850508077,45.049494742866273 26.380673521328312,44.634143355292629 26.040662161532548,44.236041202202422 25.68028171862408,43.856279453925531 25.300519970347189,43.495899011017059 24.902417817256982,43.155887651221292 24.487066429683338,42.837177322041526 24.055604256908879,42.540641586336761 23.609213906758612,42.267093227946617 23.149118904154079,42.017282023907327 22.676580337516615,41.791892689365 22.192893402211617,41.591543000818987 21.699383850508092,41.41678210283947 21.197404357783824,41.268089002900318 20.688330814936215,41.145871258452942 20.173558557160931,41.050463859839624 19.654498539435156,40.982128312108273 19.132573469188063,40.941051918245265 18.609213906758626,40.927347265790999 18.085854344329189,40.941051918245257 17.563929274082096,40.982128312108259 17.044869256356321,41.050463859839617 16.530096998581037,41.145871258452935 16.021023455733424,41.268089002900311 15.51904396300916,41.416782102839448 15.025534411305632,41.591543000818966 14.541847476000633,41.791892689364971 14.069308909363166,42.017282023907299 13.609213906758633,42.267093227946596 13.162823556608362,42.54064158633674 12.731361383833903,42.837177322041498 12.316009996260259,43.155887651221263 11.917907843170052,43.49589901101703 11.538146094893158,43.856279453925495 11.177765651984689,44.236041202202379 10.837754292188922,44.634143355292586 10.519043963009157,45.04949474286623 10.222508227304388,45.480956915640682 9.94895986891424,45.927347265790956 9.699148664874947,46.387442268395482 9.473759330332614,46.859980835032943 9.273409641786603,47.343667770337944 9.098648743807084,47.83717732204147 8.949955643867934,48.339156814765737 8.827737899420558,48.848230357613346 8.732330500807233,49.363002615388631 8.663994953075875,49.882062633114401 8.622918559212867,50.403987703361494 8.609213906758601,50.927347265790928 8.622918559212858,51.450706828220369 8.663994953075861,51.972631898467462 8.732330500807212,52.49169191619324 8.82773789942053,53.006464173968517 8.949955643867899,53.515537716816134 9.098648743807042,54.017517209540401 9.273409641786555,54.511026761243926 9.473759330332559,54.994713696548928 9.699148664874885,55.467252263186396 9.948959868914173,55.927347265790928 10.222508227304315,56.373737615941195 10.519043963009077,56.805199788715662 10.837754292188837,57.220551176289305 11.1777656519846,57.618653329379512 11.538146094893062,57.998415077656411 11.917907843169951,58.358795520564883 12.316009996260153,58.69880688036065 12.731361383833796,59.017517209540422 13.162823556608256,59.314052945245194 13.609213906758528,59.587601303635338 14.069308909363061,59.837412507674642 14.541847476000527,60.062801842216977 15.025534411305529,60.26315153076299 15.519043963009057,60.437912428742514 16.021023455733328,60.586605528681659 16.530096998580941,60.708823273129042 17.044869256356229,60.804230671742367 17.563929274082007,60.872566219473725 18.085854344329103,60.913642613336734 18.609213906758544,60.927347265790999 19.132573469187989,60.913642613336741 19.654498539435085,60.87256621947374 20.173558557160863,60.804230671742381 20.688330814936151,60.708823273129063 21.197404357783768,60.586605528681694 21.699383850508038,60.43791242874255 22.19289340221157,60.263151530763025 22.676580337516576,60.06280184221702 23.149118904154044,59.837412507674692 23.60921390675858,59.587601303635395 24.055604256908854,59.314052945245251 24.487066429683317,59.017517209540486 24.902417817256961,58.698806880360721 25.300519970347175,58.358795520564954 25.680281718624069,57.998415077656482 26.040662161532538,57.618653329379583 26.380673521328305,57.220551176289376 26.699383850508074,56.805199788715733 26.995919586212842,56.373737615941266 27.26946794460299,55.927347265790999 27.519279148642283,55.46725226318646 27.744668483184615,54.994713696548992 27.945018171730624,54.51102676124399 28.119779069710141,54.017517209540458 28.268472169649289,53.515537716816191 28.390689914096662,53.006464173968574 28.48609731270998,52.491691916193282 28.554432860441338,51.972631898467505 28.595509254304339,51.450706828220405 28.609213906758601,50.927347265790999</gml:coordinates></gml:LinearRing></gml:outerBoundaryIs></gml:Polygon></ogr:geometryProperty>
    </ogr:points_buffer>
  </gml:featureMember>
  <gml:featureMember>
    <ogr:points_buffer fid="points_buffer.9">
      <ogr:geometryProperty><gml:Polygon srsName="EPSG:4326"><gml:outerBoundaryIs><gml:LinearRing><gml:coordinates>22.413509268001498,50.609339424089598 22.399804615547239,50.085979861660157 22.358728221684231,49.564054791413064 22.29039267395288,49.044994773687293 22.194985275339555,48.530222515912008 22.072767530892182,48.021148973064392 21.924074430953034,47.519169480340125 21.749313532973517,47.0256599286366 21.548963844427512,46.541972993331598 21.32357450988518,46.06943442669413 21.073763305845887,45.609339424089605 20.800214947455743,45.16294907393933 20.503679211750978,44.731486901164871 20.184968882571212,44.316135513591227 19.844957522775445,43.91803336050102 19.48457707986698,43.538271612224129 19.104815331590089,43.177891169315657 18.706713178499882,42.83787980951989 18.291361790926238,42.519169480340125 17.859899618151779,42.22263374463536 17.413509268001508,41.949085386245216 16.953414265396979,41.699274182205926 16.480875698759512,41.473884847663598 15.997188763454517,41.273535159117586 15.503679211750988,41.098774261138068 15.001699719026725,40.950081161198916 14.492626176179112,40.827863416751541 13.977853918403829,40.732456018138222 13.458793900678057,40.664120470406871 12.936868830430962,40.623044076543863 12.413509268001524,40.609339424089598 11.890149705572087,40.623044076543856 11.368224635324992,40.664120470406857 10.84916461759922,40.732456018138215 10.334392359823937,40.827863416751534 9.825318816976324,40.950081161198909 9.323339324252057,41.098774261138047 8.82982977254853,41.273535159117564 8.346142837243532,41.47388484766357 7.873604270606064,41.699274182205897 7.413509268001532,41.949085386245194 6.967118917851262,42.222633744635338 6.535656745076801,42.519169480340096 6.120305357503158,42.837879809519862 5.722203204412951,43.177891169315629 5.342441456136056,43.538271612224094 4.982061013227588,43.918033360500978 4.642049653431822,44.316135513591185 4.323339324252055,44.731486901164828 4.026803588547287,45.162949073939281 3.753255230157139,45.609339424089555 3.503444026117846,46.06943442669408 3.278054691575512,46.541972993331541 3.077705003029502,47.025659928636543 2.902944105049983,47.519169480340068 2.754251005110833,48.021148973064335 2.632033260663457,48.530222515911944 2.536625862050132,49.044994773687229 2.468290314318773,49.564054791413 2.427213920455765,50.085979861660093 2.4135092680015,50.609339424089526 2.427213920455756,51.132698986518967 2.468290314318759,51.65462405676606 2.53662586205011,52.173684074491838 2.632033260663428,52.688456332267116 2.754251005110797,53.197529875114732 2.90294410504994,53.699509367838999 3.077705003029454,54.193018919542524 3.278054691575457,54.676705854847526 3.503444026117783,55.149244421484994 3.753255230157071,55.609339424089526 4.026803588547214,56.055729774239794 4.323339324251975,56.48719194701426 4.642049653431736,56.902543334587904 4.982061013227498,57.300645487678111 5.34244145613596,57.680407235955009 5.72220320441285,58.040787678863481 6.120305357503052,58.380799038659248 6.535656745076695,58.699509367839021 6.967118917851155,58.996045103543793 7.413509268001427,59.269593461933937 7.873604270605959,59.519404665973241 8.346142837243427,59.744794000515576 8.829829772548425,59.945143689061588 9.323339324251956,60.119904587041113 9.825318816976225,60.268597686980257 10.334392359823841,60.39081543142764 10.849164617599127,60.486222830040965 11.368224635324903,60.554558377772324 11.890149705572004,60.595634771635332 12.413509268001444,60.609339424089598 12.936868830430885,60.595634771635339 13.458793900677986,60.554558377772338 13.977853918403763,60.48622283004098 14.492626176179051,60.390815431427662 15.001699719026668,60.268597686980293 15.503679211750939,60.119904587041148 15.997188763454471,59.945143689061624 16.480875698759473,59.744794000515618 16.953414265396944,59.51940466597329 17.413509268001476,59.269593461933994 17.859899618151751,58.99604510354385 18.291361790926214,58.699509367839084 18.706713178499861,58.380799038659319 19.104815331590071,58.040787678863552 19.484577079866966,57.68040723595508 19.844957522775438,57.300645487678182 20.184968882571205,56.902543334587975 20.503679211750971,56.487191947014331 20.800214947455743,56.055729774239865 21.073763305845887,55.609339424089598 21.32357450988518,55.149244421485058 21.548963844427512,54.67670585484759 21.749313532973524,54.193018919542588 21.924074430953041,53.699509367839056 22.072767530892186,53.197529875114789 22.194985275339562,52.688456332267172 22.29039267395288,52.173684074491881 22.358728221684238,51.654624056766103 22.399804615547239,51.132698986519003 22.413509268001498,50.609339424089598</gml:coordinates></gml:LinearRing></gml:outerBoundaryIs></gml:Polygon></ogr:geometryProperty>
    </ogr:points_buffer>
  </gml:featureMember>
</ogr:FeatureCollection>
